11,3,7,9,9,
11,3,7,4,4,
9,8,10,7,11,
8,15,13,9,7,
11,9,2,2,5,
***
11,3,7,9,9,
11,3,7,4,4,
9,8,10,7,11,
8,15,13,9,7,
11,9,2,2,5,
***
11,3,7,9,9,
11,3,7,4,4,
9,8,10,7,11,
8,15,13,9,7,
11,9,2,2,5,
***
11,3,7,9,9,
11,3,7,4,4,
9,8,10,7,11,
8,15,13,9,7,
11,9,2,2,5,
***
11,3,7,9,9
11,3,7,4,4
9,8,10,7,11
8,15,13,9,7
11,9,2,2,5
***
13,5,16,14,23
9,12,14,16,19
22,8,25,9,11
21,3,15,17,14
20,17,9,19,15
***
11,3,7,9,9
11,3,7,4,4
9,8,10,7,11
8,15,13,9,7
11,9,2,2,5
***
13,5,16,14,23
9,12,14,16,19
22,8,25,9,11
21,3,15,17,14
20,17,9,19,15
***
